8054
2655
1339
9121
7391
297
1418
406
2695
9554
9273
3969
7555
3085
3480
9088
5488
7110
3161
8061
8694
4141
9175
6105
6049
7137
9384
4291
5859
6224
4495
845
8596
2606
661
1024
9451
1444
6393
3054
9298
2171
9349
2041
7285
1849
2259
6115
6891
667
5232
9317
2665
7956
944
2276
8227
2901
402
80
2948
8606
3189
4127
4303
2339
8011
3322
8583
2146
4237
790
9548
6484
879
582
3255
7250
1830
4815
505
3131
8439
8508
3263
6755
8706
2099
6072
93
6926
2743
9241
6669
3254
367
6081
3495
8357
4840
3737
5436
8510
3894
2495
3542
1680
1569
9427
2209
9928
4637
1712
2077
8871
26
1039
6001
5333
1310
3961
4851
4277
8975
1148
1077
6427
3622
2720
7890
4444
0
5370
905
9701
4631
9537
1801
111
5344
191
7902
1217
8710
5481
794
1462
8327
6355
6647
625
5933
1390
9644
9390
0
9348
6287
5835
1626
901
1979
5095
524
8210
866
9689
1711
2730
1588
5076
5085
6980
992
2826
4912
1900
1673
6159
699
2769
669
6847
2904
1903
5427
8674
5410
7720
9475
4302
6869
6888
6859
9678
9266
4649
4190
2819
295
3716
7871
1560
9566
9961
239
6042
7573
8945
4515
1751
4494
2578
8298
7654
8376
8003
9486
7384
3166
9953
4376
1581
8285
2065
3801
8106
6380
2422
3542
361
3063
9253
1331
7858
4861
2504
1588
9081
7468
4176
9296
2040
5432
2350
9095
1934
483
3476
9285
6856
5754
2935
8519
7119
1260
8471
8718
6370
385
1395
4306
517
3608
3991
3448
42
5409
5015
3079
4320
7356
3040
7863
9673
4834
1853
8107
7200
1043
1064
6929
3434
6799
2289
9384
8988
7625
2196
6625
1006
7096
9542
1193
5647
1968
4928
6949
7497
1250
6639
8239
9366
6447
6107
3937
5074
1314
662
8639
659
3854
2024
1930
6775
4453
5145
9314
3261
6732
8286
8251
6327
3467
9736
7171
7805
169
4185
899
5686
6951
2488
4389
451
396
6295
9717
4748
9089
1555
7786
1983
9166
6571
1207
5382
773
2901
7837
169
6076
302
3428
8260
3745
1889
697
8745
2218
6233
1770
7849
8218
9178
7104
6271
6843
4413
8204
5742
7976
3274
9205
9469
6441
1739
3553
9999
2341
7390
9346
8568
675
764
4931
2205
7778
1880
6787
4379
5802
6202
6209
7770
3586
2060
2985
9683
2644
3620
877
2880
7853
1604
6504
6644
7129
9678
2399
219
1343
7484
5417
8082
3688
6239
1872
714
1014
2631
1481
4777
5059
6034
9968
850
1655
3528
2423
3238
5567
2198
5553
9835
4202
8297
2618
8428
821
430
6890
8945
1097
8023
9721
4192
5795
6721
6309
5812
6197
4724
9073
2477
8876
8330
1744
1960
6625
3636
6835
6417
900
3545
2992
8054
5333
6608
5972
9438
165
9153
9737
4089
9453
8119
1419
7609
1356
9016
4935
5602
7207
1320
4886
6942
9821
8042
9337
7589
5529
9481
3125
2859
4843
6182
8593
2297
5160
5763
1549
1217
3185
592
6597
2412
7090
7315
7926
438
3948
589
9089
7037
5221
3243
798
1797
2445
5242
3490
2000
997
6895
4756
8668
1116
981
2396
3405
4890
2024
2590
2237
2656
4610
7766
1217
5823
7732
5987
7246
9129
1256
7513
6539
9781
1124
1409
361
2214
5122
6820
5537
5726
445
3449
1340
4351
3934
6315
7225
9635
9320
590
7898
7804
4497
947
5584
1998
9154
7834
3993
6140
3185
3591
4918
496
1565
648
7346
4879
5225
6583
6320
8013
6205
1947
836
8396
1689
5203
8453
3499
4155
838
529
9837
7587
5716
2210
5862
5637
3954
6335
3437
9199
8116
758
9807
7132
2395
5464
4337
3752
7441
8550
6216
6213
6787
1275
6316
4941
5791
6793
26
6233
2413
4921
3641
1873
4595
29
2191
5509
4163
9625
1461
8939
6520
7649
5752
1898
2625
6052
6466
5719
4237
1434
7064
6782
2760
937
3157
579
2213
3566
1752
6761
7116
1723
6089
467
6437
9596
8593
297
8230
3374
1562
2702
8874
3569
9205
6975
35
7373
9131
6798
913
5796
118
192
2915
567
7649
9539
6013
5099
7885
148
3307
9581
501
6065
3045
932
6580
5802
8019
4022
2614
5901
5427
1502
6636
1139
9881
2924
3876
5013
1590
237
2233
2994
6860
604
7734
6181
608
1033
6625
3379
3137
1305
9413
9250
3625
1215
9424
1025
8113
7706
9935
6307
8298
510
1815
2973
8441
2055
1462
739
5027
3900
4168
2174
2458
112
3342
1681
9590
1551
2844
1100
4247
1095
1810
5728
3721
7092
8766
4771
6889
7489
9759
1271
7016
1899
6877
7031
4718
2120
1863
5009
4625
2009
8445
7290
1365
7852
8080
638
8422
8453
8710
4999
8068
8381
8658
9089
7358
4059
1844
3515
6515
595
3069
4336
8516
4124
9557
1063
2574
1863
7041
8439
3959
7564
8719
5567
7959
7815
7539
7237
2745
3011
9223
9966
4289
6757
7375
6974
4896
925
5963
3536
4646
3945
64
5863
1607
7882
4889
5398
290
6954
7098
9533
8478
9646
1478
4037
5941
9849
3761
8015
70
8114
4984
7927
3621
3975
4591
5983
4102
4273
1259
7081
2730
1385
162
1332
5273
9948
3504
795
1009
2763
2428
6379
8269
7878
3274
164
7274
6267
8001
7393
5318
1657
9423
6779
3337
249
3388
3995
5689
3999
6237
2367
6008
926
3690
1343
3137
2106
1634
9520
3364
6050
7101
7720
3597
2429
9027
8451
2171
9075
731
7686
816
384
6038
3154
6197
9957
8829
2316
6704
6080
6695
4650
5208
5805
8496
4384
3464
525
1111
5339
7010
1573
1639
1886
2134
9546
953
6604
179
1676
8871
8021
3533
6048
9459
2420
8752
4403
9657
7368
7140
1499
6803
2386
2081
5120
3340
1294
4693
6379
5527
758
9860
2718
3009
627
655
3253
9636
2133
792
2699
1325
8181
7844
2016
8848
6985
3042
4585
6602
2392
1628
88
792
1070
7708
5966
1734
2498
1601
1390
7914
4247
6385
9796
8467
9744
3345
3654
5724
7447
67
6634
7909
303
2767
6664
4500
9688
7669
5665
6839
1284
3905
2224
1261
3864
3120
6832
870
4612
7443
590
3065
1319
6546
5584
7877
2924
99
1398
5465
298
7851
5968
5959
1643
9187
8913
4006
7642
2254
9730
2296
291
3419
8826
2572
6502
8678
3132
7157
1068
1812
7858
1370
3453
6863
7017
1391
4513
1614
7676
707
6101
6712
4581
6492
7345
3706
9298
3328
6696
7448
8565
277
6319
1489
4126
8524
7921
7462
7212
1753
7650
7243
9314
4358
8099
9343
7959
73
5669
4297
9761
595
7314
8548
6050
9738
2136
2028
7827
8489
4199
6617
880
1142
318
6843
133
4677
5793
4647
3880
3963
3565
2610
9926
5318
9743
9786
1970
2507
5442
1965
2699
2639
9591
740
8110
2378
8634
1728
8892
1113
6242
7993
2318
3395
9433
7315
469
4959
9293
5361
9334
612
2071
2494
2439
8672
8842
5018
1235
2653
766
4769
4852
4417
5629
4467
8194
5845
9037
8863
1894
5656
4880
6993
5444
7525
4856
6446
3769
6130
1871
1294
9473
9434
2614
6121
5676
8910
1820
117
1473
7527
5393
1343
660
1871
4092
1927
660
2481
8970
5825
9544
6638
9208
1129
6988
3234
8435
6887
1974
5014
4637
5155
4350
151
1459
1819
9005
6118
2141
6723
5957
9521
6501
1116
2337
1011
2380
3576
6798
6616
3641
9645
7867
6947
1523
632
6141
9443
9905
8692
342
9571
4048
7915
6486
4465
7221
8091
5107
5986
6468
1965
1493
5780
848
7538
8181
676
6628
3663
2056
9024
609
299
6198
2303
2857
9527
6255
8752
3052
2093
7440
9521
1456
4331
2562
7762
4710
850
7205
8729
5738
3994
6283
2662
316
2089
1495
2537
13
4692
7112
5235
5324
2405
1649
8491
4050
8397
379
5746
7850
9195
9612
1257
8021
190
8954
1873
12
3416
9067
8466
6856
7523
9919
5745
1903
4728
7200
3868
3375
190
1272
8920
1120
9680
4644
9661
3605
7779
184
4223
1092
3974
9283
2929
870
6762
660
3381
5409
8212
541
6615
996
2752
7223
4283
498
7288
5223
7540
130
246
6303
1271
8150
8791
4456
4494
9836
7536
878
7201
226
8885
9420
6594
5869
4647
682
5320
7226
606
2020
191
8070
904
7181
6750
7804
6241
1572
6489
1358
435
8134
9927
7222
1039
5364
8343
8717
8557
5222
1375
9515
7185
9071
8837
384
7166
6179
4401
7986
5071
7207
9042
1192
9764
5705
6369
8951
5466
2800
3715
7947
7358
2388
6210
1496
9603
7728
8318
8801
4450
2279
5424
6649
609
2293
4608
3288
6967
5704
2088
1488
1791
351
5848
7744
9835
5633
7275
8649
6251
6001
3354
6752
8639
8849
3423
2019
601
6917
9901
1840
918
1433
4478
6130
7230
9221
8925
6652
9417
3040
6293
491
4517
6243
6121
9384
8182
9503
5590
6731
8989
4353
9606
598
5693
4229
4086
6657
9257
2682
4171
8321
3617
69
5648
5887
8063
3303
5170
6822
6445
3363
1376
1805
2714
5755
973
966
125
4010
6649
917
9784
1576
6735
3813
960
473
7168
6696
972
4247
9503
238
301
2497
2494
664
8765
1300
6793
1644
1002
1545
8145
124
7717
303
7117
8850
7542
2779
9468
1279
3843
1933
7373
7765
9601
5380
851
5777
3018
5221
2643
8317
8671
1656
2256
3092
6864
7747
73
4936
8761
9387
4929
8032
8271
1848
8559
902
5036
1897
583
7473
6551
3000
4217
1485
1640
1983
5304
9892
8378
8682
3166
4791
5762
5711
9694
925
63
492
9658
2016
258
5616
966
7699
7760
8429
4908
952
997
6076
1906
5346
5164
5665
8329
3815
4284
4704
1607
7384
837
2097
3480
3396
6860
9760
3248
4265
706
3464
1956
4172
3212
8656
1945
9180
6975
5862
1373
4338
378
5260
8405
4795
4344
4129
5303
9561
4070
3201
5593
23
2658
5167
6057
1067
5509
3058
7806
1105
3011
5597
2815
2502
4672
5556
1075
7650
8580
6044
5992
666
8082
786
3192
9140
6166
7599
4633
6732
8557
2986
9540
6391
7978
6446
4505
6246
9046
1789
7472
1789
6903
7446
9843
5764
2709
4131
2474
7870
8185
8646
6871
9977
1110
3685
1363
5749
7340
6899
3113
5912
794
337
2178
2961
5573
2261
9728
4411
5831
9066
1102
4549
1417
1800
6248
6992
8115
5286
9480
5256
3267
9420
3248
2118
1949
4686
4463
8182
9219
630
365
8117
7621
4624
1449
1325
1626
7789
5462
1475
5247
464
5697
7200
7455
3069
3606
3488
3780
691
4643
344
3181
7431
8893
4603
4112
8675
6018
4046
3330
7935
1615
3098
9669
447
51
5426
4193
444
1043
7622
4934
184
5775
5448
1633
668
789
5757
8078
5108
5269
485
2988
6750
3173
286
2135
4702
6005
7142
5842
1270
7686
416
3059
2100
8822
4330
4275
6492
4175
1772
6326
424
9538
115
9672
7325
5037
5806
7641
1296
4037
9225
4091
297
6592
4152
4345
7047
849
5318
2026
6403
6697
7296
470
5273
3356
4987
7512
2741
7091
4349
9109
9242
4400
4378
4700
1849
887
9917
2894
8944
6682
4154
832
4305
1413
6529
1790
8612
8956
7078
2867
2415
5138
7999
2838
5349
5692
6702
8647
2078
389
1744
9531
7158
6995
9301
20
3591
4009
4800
8052
3595
4318
753
9427
12
3806
8177
384
7535
5184
3278
1220
8930
2328
2760
9357
1873
9854
1131
2601
9631
7502
1854
6561
7154
401
5531
8041
2448
7373
4208
2821
4329
2808
5158
733
7509
4466
1360
452
576
3604
2661
1814
6114
7651
6082
5777
9620
3546
586
7237
4912
1927
1311
8494
8072
6916
7142
8578
8858
2313
629
3462
3315
0
320
8550
4657
5225
2613
7189
9725
7503
789
2321
217
1627
8436
570
9222
3688
4194
1220
2442
1062
1019
6348
3983
819
2252
4392
9343
7463
5287
8961
7951
4654
9849
5781
5402
5211
6137
1272
8368
3851
9412
2284
5262
6536
9031
4305
6544
9184
1740
4462
7283
1301
7850
464
5888
70
2406
4578
966
9821
8142
398
9800
282
4167
2739
1463
1921
1476
1640
9584
4367
4331
8656
8585
8562
8579
270
1608
2618
8129
3210
582
171
4643
3908
8946
1844
1500
8409
6872
9221
657
8805
7347
1308
9891
7144
640
145
8606
1019
3382
7219
4769
260
3603
3954
9296
5544
4136
1326
7847
3889
6792
800
1279
6304
8013
8071
245
5333
5212
8326
265
1772
8778
2445
4917
4122
1278
5812
6239
5929
9465
7023
6768
1633
4275
1790
2134
5464
776
788
6038
4794
915
9147
3606
8300
9338
6054
8315
1133
218
2632
8670
686
9204
1011
3332
7908
2264
2146
7358
5612
1697
379
7022
3646
2338
1215
1244
9157
9567
4005
7432
7166
5726
5702
8976
6030
7167
6154
6660
7305
6667
7698
6312
2417
7897
7383
8810
8444
1335
7972
917
1401
8102
4799
4581
4580
2838
2510
587
6776
3781
3191
4643
8580
5618
4856
7941
4961
1606
6873
9657
4451
5414
2990
2367
4862
1058
2850
141
2011
8465
7712
138
4586
9169
5315
843
2890
2441
481
91
9496
8082
1475
2641
2325
7222
1065
860
507
7991
8700
4034
3344
5091
9731
4746
9708
7350
682
8470
600
2480
5856
4214
5783
2313
3407
7864
1673
7283
3842
5652
3982
9599
3970
1512
8024
3250
1617
8527
2948
3049
1339
8871
6635
410
282
2866
2435
9597
7833
5597
2539
2748
2490
1072
1096
9111
1468
7286
3129
2346
3063
7438
8993
4083
5003
2000
1014
5262
9400
8772
9750
5972
3710
1135
7146
3860
4297
2111
8477
4784
469
138
6334
1947
536
2914
7652
833
2176
5867
7937
392
2522
4352
3243
5286
885
8899
8503
4291
1831
5396
7702
112
8414
148
2341
4008
2569
4905
8128
2358
2280
6900
663
3303
2977
7906
1907
2913
6357
8257
3114
5796
3890
1268
2001
5585
8842
423
9570
2984
5764
934
1855
8518
2801
348
1557
9966
418
6872
1636
3159
2328
1973
542
3351
1165
5721
7502
3247
9585
8686
3083
5175
4439
7328
8797
7050
8081
1606
3472
4534
4280
9428
1046
5629
5137
4064
7074
1391
7068
5140
5810
3260
4431
2099
9468
9172
9283
1999
173
3889
3886
2043
2445
1224
1505
413
951
4220
7025
3670
6872
2675
9899
6420
6838
8349
1204
3208
275
4018
3504
8340
8482
7356
4388
1911
1737
1157
4349
6652
3911
1057
7730
2799
7672
9951
3559
7138
4038
252
548
1888
5539
1689
4134
3424
2885
511
7700
4811
5489
4128
4612
1073
2971
2607
8911
8393
124
242
3442
8328
8197
662
8807
3316
9875
7909
835
2857
7427
8004
5505
9419
952
4704
2399
686
8331
106
3304
6563
6147
5775
2578
9443
1925
3101
9464
880
2045
6211
2010
4410
1838
8313
9556
1072
342
2192
236
4424
8742
2795
5200
4545
3696
7086
7408
5494
577
7590
5911
5734
8626
1865
2416
1058
714
7087
1191
6598
1254
1089
2797
1019
9131
3777
560
5900
5002
3211
3195
200
6630
4106
9385
3432
8995
5821
7472
8338
815
2043
7099
4717
5637
5846
4744
2261
4031
2508
1220
2353
4444
5747
2452
5779
5395
6518
7157
9984
7191
7451
3974
1745
3531
2808
7028
1833
5016
2901
9270
8440
4028
546
3195
1024
5605
8940
5777
8134
6527
1469
359
8378
8490
1602
2149
5050
9743
7393
1130
8932
9348
1946
7974
7659
142
5005
9082
620
9031
9164
1244
2066
689
6034
4207
4518
8826
1221
4563
2491
4944
1304
6936
8953
9366
3381
5897
6696
9543
2489
6247
2400
6858
8735
7891
9742
951
961
177
1321
8490
460
8505
3142
2293
9444
2127
8489
7467
7768
7445
3421
1514
5207
7424
4550
456
3588
6072
7316
3186
2054
9956
699
2512
1474
9254
6833
3165
637
9698
9512
5478
4252
7925
941
9665
335
2627
271
9408
2510
1905
2212
9494
1602
277
9688
9785
3575
7883
9480
5625
7728
8921
2030
5439
1596
5957
973
8857
2616
5173
6960
6726
7477
7512
9630
6349
731
3363
7857
8867
9918
2718
1655
3164
3072
8704
9544
5553
2471
6600
26
1763
9152
1790
1409
479
6612
1962
5706
7283
714
1651
5018
6368
1454
8106
3187
6912
4048
1208
1591
233
2240
5796
1584
7827
1897
6826
4415
599
9947
5865
1763
8601
1821
892
4508
1575
6274
1291
6080
9794
8444
626
4622
3180
2511
611
1554
9714
1703
9480
6937
5309
7804
1579
9493
2580
4517
5209
6946
9636
1755
6612
4538
5858
6463
3305
6583
5616
4719
1874
5879
7694
7941
7276
2900
6115
288
8763
644
4140
967
716
4478
7765
5483
1643
2687
2006
4301
1943
2140
7551
4192
915
1401
2583
7967
4254
3545
8593
1090
629
4854
1616
1037
4296
1028
3229
506
4666
3409
598
8809
3900
2688
1449
228
2093
1670
4482
4312
8795
5652
3873
9632
2605
4134
7775
916
9252
891
6675
611
3918
2567
3216
2029
5293
8069
2753
6660
488
6001
7751
7427
2769
6853
2082
7536
2935
1218
2175
1774
1212
5489
2769
5462
4954
6026
9763
1287
4721
2005
669
3515
9860
3472
9637
6604
3093
976
327
2790
3998
1611
8056
4879
9201
2918
5560
7909
1474
2074
5510
9143
2164
2012
1352
5143
225
4637
5131
286
6303
2623
6024
1649
2175
4602
1816
146
2503
9054
3465
1785
258
3865
2225
1685
2598
1947
2418
3469
7847
9255
3167
1964
8298
701
302
2685
9052
727
4254
7747
1620
6369
8363
4637
183
8956
1712
7735
2011
6724
7085
4308
8237
3425
7529
827
8807
7355
2297
4112
7788
978
7617
6548
2710
4924
3242
943
434
6560
2997
5965
1978
9218
2415
2647
6036
5504
2310
3076
2089
765
3515
4336
1432
6924
3960
1147
7355
7680
3316
5812
2635
9729
5124
7832
480
401
3973
5014
667
5903
1015
4165
3432
9500
3084
9160
4718
4716
7617
5104
5193
5840
2492
6387
1706
2498
8071
9484
2524
3808
9932
9555
1018
6732
7442
3215
368
739
5398
6073
1647
1261
1757
1266
182
6197
2681
967
6813
1337
9898
9684
1923
1732
87
8295
8218
9786
7438
1303
9505
7284
4008
2405
9939
1949
112
4257
1422
3595
598
1376
8103
3874
4159
2044
9483
7878
5391
8173
2969
543
7977
4071
399
7810
853
1203
1266
8862
7892
1763
1010
9236
7585
7504
9229
9610
9705
9446
2530
8353
1756
8723
361
3718
948
4812
1201
8230
8341
8656
9434
7318
8933
7985
2421
4098
1214
9568
1209
2372
6290
1256
3431
5911
7343
3006
8783
4380
1043
4199
1172
2909
4001
923
8814
7809
5876
969
5487
1599
2228
9146
5289
2614
5335
8074
9005
204
6697
2853
1238
3397
511
3262
2376
1447
9065
5910
6867
731
2742
6395
4669
8583
9868
2399
6686
826
3720
9915
3405
9143
8995
8611
5212
582
9078
2379
3152
6391
8543
2138
147
2057
4996
2030
7133
2330
4247
993
1808
6335
7211
2539
3395
1814
998
5351
8338
7258
280
9674
3539
9912
4155
401
1180
5183
315
6939
1540
2509
9863
6280
4023
6136
9673
7663
4510
169
6259
6342
7534
368
9578
4365
5871
1396
6439
2524
2656
4794
2379
7967
2618
8072
3395
110
3538
3578
7453
3650
66
3524
5642
1909
90
8761
2725
5498
2227
1692
338
589
8037
741
4298
5003
8138
5703
5414
5509
4130
5391
2330
2209
9352
143
2580
9410
8228
4428
9925
9641
9379
2293
1040
44
8404
725
6128
2262
9988
3211
7439
1214
5677
9640
8548
45
7146
9304
1788
906
5614
9748
4540
9512
4438
6071
3910
3283
1260
7904
3723
663
8269
4024
1392
8402
6317
7093
8419
7147
6714
4461
2080
7938
110
9679
8831
6473
9065
3582
1296
1396
30
7296
3370
2845
5020
7078
5296
27
8705
141
326
3236
282
9045
1138
9089
6782
1662
854
3505
5003
7532
4493
9328
2128
3283
7140
969
4814
2275
2619
202
7593
3434
2508
5943
1923
7814
6523
178
5002
1546
2238
6969
8177
35
9359
1984
1117
2507
1248
4385
9441
1326
6783
7265
9820
8843
9258
9908
6224
2541
772
3860
5191
603
1129
8398
3489
5277
2014
1422
193
5728
5757
3933
8393
331
8079
4743
707
8131
2906
4226
6594
940
5694
8635
4104
721
9226
1059
9881
1126
6484
2219
1471
7211
9433
7803
1744
1588
6370
3689
8845
3335
8200
8664
2124
2853
1193
9407
9769
4077
5692
9932
1176
8286
913
9176
4269
7547
2108
7421
3280
7124
9587
133
683
402
1414
7605
2390
3986
527
2986
9430
983
2378
7091
1473
8409
7238
4719
2581
4626
7724
5336
953
395
8465
5168
9668
3922
6759
618
1437
7519
88
4077
978
8823
4853
6484
5885
2065
6668
3098
7716
4023
424
9300
3296
4623
4926
3807
4560
26
5381
8429
6303
4957
7317
6201
5251
8718
292
7507
280
1649
2636
8296
6732
7092
7489
49
9132
3303
7777
3888
2303
9312
9965
614
897
8078
7608
7576
1187
4797
1597
6899
5121
9242
8310
6877
6036
9543
6378
6334
7721
2272
3750
352
8993
6863
1919
5299
1019
301
9783
8532
159
2443
6879
510
6796
3872
7740
4705
773
9427
7565
8130
7287
2875
9691
6180
5406
7204
8642
2278
888
662
5663
8348
8874
2993
7930
1698
1346
5243
8790
7982
2780
7742
6375
2630
7193
6059
6259
5490
1693
5907
5500
8131
824
8904
7117
2564
4040
2319
35
2976
589
9817
4174
3700
7549
4610
7400
5639
4664
8201
7237
2039
8335
3809
6380
309
3040
5512
7669
5236
693
7734
5875
8141
8510
4424
884
6103
988
5934
7302
230
2384
4017
796
1137
1795
4042
7697
4904
1975
4367
509
2742
6750
2446
1382
3811
1738
8223
2185
5326
116
4372
2953
6329
9568
9957
5927
7412
897
3370
7138
9999
5514
968
8913
5930
6757
7888
7215
5280
3494
6820
5861
3747
3554
2491
4127
3097
7133
5303
6360
2152
9602
9557
4791
2254
5207
8373
4590
2116
175
4219
5568
707
1201
7957
9316
3896
9337
4253
8135
8404
5886
2689
726
6487
5412
3218
1148
9518
2290
5754
5225
6490
4391
7457
2164
5172
3081
2129
6627
7454
1902
5737
6872
2171
7118
159
4669
6929
3112
9977
899
8382
2261
8062
7176
2937
3514
937
4472
4123
2258
926
7381
1357
2555
4815
7945
6803
4527
4337
6427
8442
9222
7755
9121
9438
7386
5103
581
4703
3419
5100
6971
9013
3252
307
9154
3921
4654
697
9913
422
2995
4524
1603
3080
534
8809
4958
7492
5633
461
257
3408
9807
538
5876
6180
8107
5437
1764
5738
9497
6702
1607
5489
7635
2984
781
8040
1222
6281
7079
553
5215
8140
9612
4068
9296
8117
2586
46
1703
3852
7323
8457
8001
8622
4488
1302
1835
1697
5873
6328
7881
599
5550
2699
8939
6468
816
1669
1212
7443
3835
9116
8844
5717
6696
7272
945
5692
4006
6969
6186
7448
5937
1308
2676
2511
8870
2331
336
6770
6901
547
5173
8574
6104
7994
7138
6256
2659
32
7143
973
9069
4869
7492
9089
3854
8956
417
4918
5113
9390
5584
9303
124
9154
8305
9749
117
2027
4596
5898
4552
4082
1876
6684
8830
7350
8658
8500
9888
1666
5439
6864
9924
1806
6750
2438
3959
3160
9945
1754
8364
3668
4547
5362
7476
3569
4958
8311
6958
4543
4814
9439
7633
7630
3022
9721
312
6440
1905
6168
7949
7346
9819
6612
105
7006
8658
7837
7290
5
127
7058
7238
323
6937
6689
8528
3907
2772
447
5305
3726
2102
8410
5128
7966
2010
5677
8157
631
4505
2884
9698
2232
6837
3217
1571
8318
1704
4174
6000
2922
4397
4260
3472
4036
1372
6699
1225
7296
7484
2675
397
352
7860
643
662
2410
9538
2351
998
4987
4992
7391
2632
9260
8644
1182
4539
2213
9127
993
5184
5887
1785
7225
5362
1950
147
1162
8150
6942
7660
9180
195
2125
4400
4625
2499
1594
7437
745
1258
429
9424
8019
4423
6375
2992
8213
3017
4859
7849
5725
9043
653
1389
6856
1155
5369
2005
9268
3760
9367
7470
6722
7522
6446
482
1198
6310
3927
7604
593
4082
1412
7536
8214
1846
3136
465
3516
4804
2120
4005
5388
1953
7819
2367
27
3964
5294
7676
1490
2686
1635
1144
5260
9619
2106
2386
784
2408
6664
1997
8672
6709
2712
5512
2081
1853
9648
6176
3340
3188
1253
2948
9348
5697
8529
7785
2345
6852
4116
4335
7260
1433
4120
5748
3492
5821
362
1768
0
8512
4838
3713
2190
6332
7106
7056
6076
6038
3789
1907
4365
5250
4745
9244
7630
1164
1704
2466
8153
9444
2227
3910
57
9449
7744
3945
1616
3721
6629
3340
2278
6983
6792
376
8162
2239
4296
1248
3470
6167
2290
6739
7542
9094
6477
1142
2609
9417
5111
5137
6068
6851
3107
6473
1251
8053
6738
6767
1337
9166
8787
2726
6169
357
4182
747
1270
3669
5381
7456
6496
3112
4116
9817
2561
1079
7255
1642
9015
8929
7062
9056
3442
3514
8237
6848
96
437
5879
7006
3095
1797
572
9231
2579
7505
9208
3648
6000
9191
3918
5960
8667
7922
9853
1419
7844
1358
7585
193
2230
2811
877
5846
3594
9360
3256
6307
969
2739
3254
1358
529
2278
9257
6909
5834
3011
7383
7968
41
2860
397
9024
4149
6284
7860
6354
3320
1106
2131
9921
4456
1584
1493
2731
1350
5342
7965
8107
2294
2964
3031
3815
9857
2296
2433
1802
7079
3333
7530
3732
8121
2525
3929
5360
4998
1295
2577
567
7653
9756
787
8708
8547
4871
4389
1463
5804
3436
4626
6414
1455
6531
1618
6737
4957
9028
5692
8092
5346
2332
3481
8259
5400
9825
4394
2896
88
691
3453
7297
1010
532
9307
880
2479
8009
54
467
6485
9409
9665
2917
9883
3494
9808
9780
3982
8977
8787
7485
2019
2979
3453
4468
1309
6353
297
1545
1714
9615
8783
919
9529
4913
8675
9983
1046
5438
7822
7157
9961
4518
6434
2984
2436
1317
632
968
6588
4136
1165
5363
6370
6720
7900
8113
9554
8564
9837
2129
8987
5084
7407
3107
848
940
1265
6008
2462
1773
344
86
8768
6578
5212
8432
8016
2105
5971
1157
1167
288
898
9096
22
1339
3361
7777
7037
5635
2606
226
1676
1521
8709
8364
1344
9372
4687
5394
7297
735
5273
6174
9714
1662
5975
3059
1720
5370
5479
4036
4846
1474
4058
6963
9720
2029
6913
7644
9399
7766
8965
5090
9133
6295
2618
9562
1665
7529
5172
9335
8469
1755
1883
4102
2806
4097
91
9883
2692
8031
4895
3355
722
2758
878
4764
7328
4157
1718
4729
6552
1716
9593
731
8597
3110
7909
6869
8427
989
1417
2702
4019
3370
1685
6452
2325
7540
6928
5599
3499
6113
4960
1235
1699
5763
214
1979
9830
2197
5943
8882
9911
4198
5938
2067
2430
5845
8367
1589
4213
1886
6277
9583
2642
1523
7807
338
1287
8367
1711
8886
9063
8583
804
2629
1113
4834
1688
7304
6561
3562
9373
2782
1326
6787
841
1540
8110
3020
6623
9554
8649
2308
2304
3282
4316
9567
5618
6774
4212
6745
2128
4874
3886
6282
4258
5320
3804
874
782
8651
7515
7542
4031
1942
2451
3780
4069
9733
2702
3332
317
7732
7325
6440
8979
6319
743
5494
4869
8538
1587
3866
2793
674
3129
225
4306
4387
8884
3044
8207
380
6730
833
3557
240
5375
7729
2318
1982
3926
4581
3169
3155
7338
3954
9940
7662
4908
1935
4784
9540
2638
1948
5252
9846
4304
3301
4940
1584
8664
1527
6067
8835
4439
2003
6599
6085
1994
513
4749
2839
1854
7510
2212
5687
8984
8313
1293
5495
451
8930
6203
3758
859
4228
7976
2398
42
5806
7929
7654
9729
300
6163
4040
458
5331
5118
1789
7403
9500
9144
536
8910
1968
5021
8024
2366
5702
534
7218
3364
1160
7743
3535
8483
4973
6366
7554
5329
2675
6657
4477
4631
1594
9990
771
6955
8665
9921
4193
8204
3083
5754
5289
8173
7978
9717
1231
790
7168
4854
6680
7527
6249
1332
8511
6478
6701
2749
6522
5803
9020
2282
2300
2962
8667
437
1949
1217
5566
4056
8503
6963
678
1752
6530
9540
2973
498
3666
6294
944
1141
9711
6403
8157
9440
3926
4548
8492
9149
6958
3921
1826
3742
365
4746
8564
86
780
3957
8698
9420
9992
521
5492
1244
7371
6331
6257
2110
2059
7959
4589
443
8593
6881
8250
621
620
1132
4915
1750
198
5563
2717
1588
7351
7046
1055
3987
1386
7168
3668
8452
2301
4454
1758
5261
5676
8682
4541
2609
3200
2529
3920
737
9284
9897
843
1202
9497
8944
1562
6433
2330
657
3493
1381
930
128
772
5812
2637
6263
5189
6904
1901
3074
6427
1763
222
7385
1945
5057
6715
2091
8544
2462
5266
7043
9350
3591
7061
6662
3352
3237
5891
5322
593
1991
5447
1294
9530
1695
1551
1781
916
8305
9791
2196
8548
2871
71
2815
4463
4136
595
863
3559
1914
3697
2263
7364
741
2648
4471
2390
1898
2631
9728
5097
5604
9772
8280
8474
1934
2662
1073
4842
2262
877
6374
2657
8704
6896
3237
1028
2301
127
8403
7850
3390
8187
156
7580
3379
8426
1290
5643
9081
752
7465
5494
7716
8378
8632
4236
9289
4188
7682
3902
1695
126
6126
1545
2470
2658
2035
9683
5321
6201
4704
1331
5344
4327
2139
8406
3850
2164
2009
32
8377
7668
1710
4912
4366
1337
325
7
5142
9096
9201
2441
7301
5338
9013
4564
2610
5763
7713
8642
9507
8072
1262
7706
395
6924
7517
7356
9504
4460
1322
1804
7538
7245
3527
3886
2138
8786
1142
7235
6111
8498
3878
6675
5854
7145
5795
9324
1723
1069
5591
7993
4483
2292
1077
6166
3620
1700
711
2115
8239
5980
1590
9928
4013
8097
3563
7592
3696
3691
6532
5625
2971
3794
2313
227
4677
1778
8735
4454
4873
9879
9948
769
5953
1013
5884
2464
4261
1894
1268
9478
9567
2986
2213
9932
7713
2522
3124
5848
2249
158
1751
1441
3427
4528
226
1361
1631
2768
1602
2381
8517
5480
3578
6338
1862
9219
6157
5072
5717
7194
3851
9179
5238
112
4095
8367
7174
9263
5864
5876
4316
6817
8023
6434
2110
2228
1224
2983
3430
312
6901
8247
8806
378
999
7011
1769
4726
1102
1789
1085
968
2707
2826
5854
3748
1340
41
629
9048
7792
5076
1425
670
5307
8917
3348
3174
8500
939
1793
835
8638
6524
6052
756
5244
9740
5779
950
6968
8671
5923
8568
2741
2204
9791
6960
9555
3556
6005
1820
2804
9953
9488
1548
2301
9921
2861
1790
366
181
8984
201
4022
9941
3031
4782
2769
8887
1771
4139
435
31
7186
4563
1209
969
8735
4571
8622
5765
8158
3973
7147
4419
6658
6578
1971
9807
8834
4484
5790
302
8884
3266
7300
9482
6680
9840
7917
7913
937
606
9686
3973
5983
9967
487
184
456
5309
1619
4551
3336
8346
4959
2561
9935
9562
3254
4423
6378
2416
556
6605
380
1559
8690
2690
862
6994
1849
3229
3317
7797
7179
2392
8660
2245
8070
8322
7729
5197
5898
1584
5788
9764
9958
339
1325
3291
6590
6176
4765
4891
3871
731
5673
3902
7142
5365
6370
4828
846
8649
1192
458
1336
9905
2952
6382
3808
2958
2179
3093
7549
9560
5617
2265
6521
1122
8918
1693
8386
194
2964
5963
8993
4496
273
9185
8649
1565
3691
70
4610
4325
8457
3395
2086
7688
6291
5504
5435
149
5973
3452
1395
3896
8160
3570
1376
5686
6881
4296
9324
934
6870
1673
2600
1587
3006
1894
6867
9135
7473
1432
6893
3354
1248
5322
8093
708
3038
4724
3040
9519
9055
6330
995
2104
2911
3383
835
3911
7159
692
8818
1108
6539
3438
957
8637
472
7655
5260
4182
9292
2379
2105
9008
86
9477
6757
3885
4480
8371
1831
3635
217
9080
4182
7183
3528
7856
7401
1387
2238
7769
5021
6147
7260
8497
983
1381
5349
3850
3259
9368
3189
1749
2541
8126
2194
4702
6981
7004
8833
9988
4904
6937
3260
188
1988
3157
6131
5126
4860
2813
689
9088
4821
6348
176
6697
3648
5732
3631
9001
9034
2845
4595
1440
1776
3261
4716
8204
6406
2569
1242
9566
2170
6810
831
2671
9717
5076
3766
9775
418
291
1621
9967
6610
4727
1663
5408
8878
2241
6317
1691
9487
3790
8638
4258
5115
1604
1500
1718
1408
1339
3778
6315
9734
6974
6123
681
1408
9010
875
69
3636
6102
7460
6863
7515
5323
5026
8445
7883
8869
6024
3336
8563
7939
7375
6693
1910
4988
8011
886
2635
6171
8209
8658
7748
1324
2870
8435
9839
2055
4362
1790
9194
1629
8405
3529
3402
5968
4960
6072
5293
5448
3143
3720
7869
6515
7021
5519
9400
9885
7489
3107
3935
7104
463
1467
4252
6701
5354
2979
9288
5100
8057
4404
6891
5664
3504
4851
4405
2751
1393
536
8092
9217
5842
2691
1591
1767
9024
2890
4411
7406
6484
9685
3428
6275
6165
1598
5174
745
1167
9731
4
7288
9954
1054
8881
9945
9582
247
3861
2784
2877
535
5618
7593
3905
161
1575
9734
3457
1245
9957
1607
4862
1988
5201
8539
2330
9587
1561
2343
6747
8633
6507
3253
509
2403
2434
5310
4006
7499
9377
6970
429
3980
2325
9863
2125
4410
2247
7481
87
6703
335
2881
5798
8680
7615
8081
3975
7954
1279
9487
776
767
2052
2488
8800
2797
5479
7239
5760
7225
4531
4470
4760
2464
559
2724
8605
6550
2925
7559
1146
9066
6033
7332
244
2330
4998
1805
1971
5667
2846
2042
8013
44
5865
8907
9141
3027
9992
1389
3301
5640
9937
8235
7975
5097
7782
4743
4762
525
2737
1849
4722
117
4355
167
2465
32
3182
3174
2422
3678
2671
48
9299
7671
8672
1286
3
8637
1372
823
3931
6255
3877
9474
1873
1904
1043
201
8090
343
2317
4951
9672
6392
493
4003
5572
7251
6735
3909
5592
6619
3978
3720
481
3226
5474
8352
9555
6083
4605
479
1037
3720
7205
419
5182
4893
2509
6945
8328
8381
2728
8024
3475
5339
4758
8863
2150
2283
1728
6753
5906
1107
646
2379
6255
1884
4471
930
7355
3805
5329
9930
240
2746
1209
1557
3558
2521
5006
5769
6825
9845
2073
485
540
854
2583
2180
1933
3489
202
8243
251
7436
8909
5520
9094
6117
8135
9796
2662
2227
6001
8930
8782
8109
8683
5472
2354
5226
3708
7638
2711
9
1657
8309
4970
4353
6216
490
4131
363
1237
402
2443
655
117
4512
4781
6765
2137
5053
7193
5454
2501
1871
8910
185
9458
1933
8313
4361
3376
7090
8425
2511
2592
7425
565
5397
6865
504
6800
4163
1577
1815
7691
2261
743
898
2412
7500
1958
2293
1294
6804
4757
7785
1721
7718
1029
7268
643
8799
9426
7141
9719
8289
9190
3088
2517
1064
9786
1878
8538
2815
7774
9322
898
7428
9611
8095
1627
9290
6278
902
7772
8814
6120
3110
3317
6748
701
1596
5481
1090
6858
9910
121
6645
1730
8811
8483
2115
5354
7838
8491
8777
5115
786
2200
8854
3432
9695
8147
7007
2513
1285
9131
3236
2296
8929
8653
6147
8978
3294
3122
236
4095
4926
2008
9717
4765
1897
278
8527
4602
1781
4650
7336
4857
2327
4822
7378
1272
3929
2699
52
9583
2109
6500
5503
4107
6496
454
5924
7867
1762
3558
9988
3611
6357
2764
9704
4352
7908
6646
9490
8146
54
7248
2148
6993
9395
2755
8591
7313
3670
4859
6191
7912
5827
3470
8565
1962
3404
4762
613
3650
4655
942
5010
8532
8546
8619
4406
5280
657
3260
7878
4490
5335
5364
2469
8552
7387
5847
7303
3628
6429
1980
6025
3891
3154
6097
3520
2461
5724
928
3119
5805
8957
4656
4717
7107
4941
3583
9991
8312
522
8255
1313
4490
3248
1390
9314
7001
1034
9179
2001
1873
9895
261
219
5417
1360
6294
8983
715
5864
1616
1947
5317
1605
9943
4975
7168
1935
4975
4387
5711
6135
8391
6637
1353
8522
2727
373
6843
3318
1989
3157
1592
3627
5374
7803
4658
437
1204
7249
798
3642
4499
127
7442
6095
4504
863
9970
560
660
2194
4012
4383
5661
1601
1713
8829
5621
7862
8549
8247
7680
459
7448
7362
144
7875
4214
6938
2131
7064
6364
9048
8864
1829
7868
9714
5741
8373
819
951
7349
9772
184
1483
3448
8709
9016
944
6867
2363
4096
8086
2113
7275
3691
9940
9634
2361
957
5671
7308
9155
3422
6714
1775
4052
2091
5239
7981
3785
1209
6189
6762
4617
1003
3603
4832
6912
1831
4587
3798
4525
1428
8891
8082
1725
7991
5912
4988
8791
6030
8003
4661
3466
5868
377
841
3859
6038
9237
4177
7060
6685
3993
3931
7057
3677
6238
2589
4380
3846
1352
9832
596
2761
7741
2538
5609
2069
6166
7895
292
3778
8023
9049
3621
2717
2252
2517
6684
2678
9301
8047
1836
679
6724
9969
7484
5222
372
8120
5728
2172
236
624
2424
6279
2740
9361
9944
3836
1768
3354
7288
49
6378
9485
764
9803
893
2731
5254
3715
4047
9169
3738
46
4150
995
1891
317
3550
824
4788
2434
4882
8982
9154
4437
3018
9360
7728
8022
1187
6909
8571
9427
1973
4683
1415
1916
9489
4563
665
6821
346
9583
374
156
678
4745
9100
3452
1572
1494
7376
9217
3568
9955
8296
5660
5956
5806
2874
7241
306
185
2996
768
4736
282
2382
2361
6946
566
4077
8404
6094
8255
3033
5335
8124
3964
769
5081
5725
617
221
6687
1982
9134
196
9876
2733
6132
6815
3695
1339
9812
7789
6127
8386
6082
1385
6170
8504
7675
2250
1911
8517
8315
4985
9496
178
7475
1384
4397
6626
7305
7569
8596
5989
959
5260
2981
2779
9160
1893
3006
2214
4040
238
1834
2131
1580
8128
6887
2347
2299
7544
3991
2020
5355
3184
8903
3469
1878
3803
2095
378
1438
4581
2122
557
415
2266
5143
2086
1716
5206
7614
5500
6125
7693
2951
4508
8735
8764
4247
5761
5229
9615
2796
3110
6357
6564
4940
6504
9854
944
7609
9646
1521
1169
6792
829
261
7284
5265
9367
9247
7528
617
2869
2634
5875
3279
9541
5364
1427
4804
8981
6729
3719
7982
6544
771
3279
9647
9656
7394
3025
6337
2582
2985
5390
8949
6590
2105
292
989
9894
6898
1621
1926
1704
6215
3336
8121
6741
7281
703
8532
1341
1447
6248
2405
2573
2205
7928
1879
6248
8266
4165
3488
8361
3726
8354
1130
2263
2564
257
8689
9962
6740
1156
7644
1262
7292
4228
8751
485
8928
7622
2224
2354
9040
2587
1497
771
8425
1559
8381
1470
2319
8548
1934
9952
3033
6551
2687
2449
7101
2819
6246
4124
3309
93
692
9902
2370
7232
7943
2333
9977
2434
7792
1707
2475
7558
2817
6202
2433
7203
3785
690
7175
422
4355
1346
9889
3987
3627
851
8956
914
275
723
9766
536
6342
1697
2960
4930
2747
404
8722
7369
7803
2656
8032
4979
2038
2187
1388
7110
2307
1149
6541
6867
3863
4791
2974
8352
776
1350
4681
7542
8898
6360
8966
9341
521
2590
2190
9972
3409
9378
5925
5573
4411
4171
2536
9800
9728
4142
1075
9975
6050
1959
7430
6099
3377
6329
5129
3781
1612
8002
4141
6839
6201
8659
6229
9812
1511
5934
8197
2300
1681
3888
2041
477
7654
2626
6122
2575
3495
4666
8045
942
9472
711
1868
3630
6250
254
3353
9162
8736
1198
7743
237
545
9035
1035
1701
2710
9720
5196
2996
3589
7894
6151
889
7157
733
5006
1150
9682
8456
7474
7139
4915
1334
6262
7804
2874
4654
2646
9831
4332
4275
1976
304
3490
7160
4257
3976
2639
6582
7947
5971
5587
843
2566
368
3200
6917
7645
8975
3371
2927
1466
2143
4308
2396
3724
5333
6841
5874
1096
2035
1240
5208
5566
1368
6404
3731
1998
357
4938
6557
4523
2432
1173
8744
2526
4460
8414
8705
6878
2329
1144
2056
4590
5976
3003
5407
4519
225
3247
1282
2024
5080
4652
6614
4395
8894
8319
3236
4523
9940
2831
4327
3539
4725
5345
5860
5896
2388
7785
3803
5017
8628
5554
8075
5573
6183
400
986
1150
2089
4227
4805
8445
877
2111
8516
1047
1176
8074
8418
9022
4877
198
7516
9691
2489
3536
1944
538
9825
6951
4552
8758
4280
3425
4239
71
5684
6554
5459
2202
8899
9583
323
4768
1627
6282
2811
5256
2111
7710
3046
9617
2697
3270
7315
2683
3732
8217
8844
5710
4425
8369
706
9806
2365
7548
7597
669
4920
9410
8723
4033
5929
6153
3814
2328
3208
485
4339
3464
2892
771
1911
7356
1214
3400
629
1068
6526
598
1127
4828
3061
2383
1121
408
491
2221
3452
9646
777
961
3617
4621
1281
2282
6739
7693
7949
4856
9811
9263
3077
5073
830
2981
9158
9828
9002
3941
4543
621
4385
9307
1821
9993
365
4429
7402
474
5364
674
9361
9389
7622
6949
4197
9513
8821
3287
162
7419
579
5715
2292
8864
9411
1398
1703
5842
3081
8175
1519
4199
771
3651
7705
9014
2108
5204
6370
6844
3455
2658
454
2462
8393
4546
1211
896
9106
9535
3376
1317
2637
7502
5760
199
2749
9975
1547
3690
9226
2257
6790
7052
5157
364
5234
2384
7433
7685
1803
1835
6099
3125
5826
302
9923
9787
1693
3749
9362
5484
4797
7583
7686
7080
1536
7568
2501
1934
2297
9667
2903
4147
2525
2564
1742
8879
2606
3693
7594
7368
8173
223
2696
4835
9228
915
1915
2824
7842
1361
5150
9878
3618
4065
1001
7447
3278
6497
5810
1269
6776
727
6981
6189
9258
3926
215
4483
7
6118
2952
7526
5553
5519
903
4709
5323
7430
410
4354
2994
8524
5822
3926
5480
9267
796
453
4705
8483
6381
595
9794
3404
1743
5736
4822
7532
6823
6000
8531
723
4042
278
1309
9973
7703
3826
3529
8095
9928
1152
5013
5998
8985
7459
774
6813
2695
185
5137
6525
3405
9457
9838
4890
2106
3451
9882
8508
7767
5343
4028
5387
8808
2752
3946
1799
34
2962
6941
742
1324
3306
131
6047
504
2773
5267
9910
1427
2348
3958
9593
2635
2630
148
1963
401
6078
3468
9023
4111
9655
1561
6952
4300
925
2033
3486
4157
2590
639
1091
94
8680
7412
2438
2802
1861
7785
9656
1896
421
1688
8157
2542
746
7644
6518
3594
5370
4678
4445
6870
240
2641
768
508
8548
9737
6257
1826
4572
8919
2749
4680
5683
8752
444
6560
5337
8063
2265
3645
8428
607
6963
3695
2437
8462
1106
6061
1926
5438
4413
853
5330
5230
1148
2064
2685
5753
2842
1353
3238
6989
1677
5391
4338
6111
8537
713
9052
2285
1842
6394
6473
6899
6721
6614
7728
5186
2328
1283
6890
6046
1769
195
2854
6503
9220
8241
945
5451
4703
6538
9844
345
6187
2718
6910
9817
6693
758
243
8619
9307
1737
7973
6813
4111
1146
802
5152
5744
1220
9183
6861
3623
3449
7667
8388
1231
182
9783
1494
6506
4972
4269
2628
2479
3483
4509
3030
1928
7679
1384
1681
3467
3135
1351
6659
87
5396
1076
6609
5426
4167
6571
8307
1360
6798
8786
957
1319
4745
663
3841
2721
2503
7161
9460
6337
222
6025
8975
1689
6251
802
839
1019
2535
1111
1118
7103
5723
2125
2555
4405
5829
4601
9176
4028
9147
4922
9034
434
5119
8361
6358
3788
1540
7792
8450
6968
7344
3658
9242
4929
2275
4826
6373
3780
2679
7838
7703
817
9512
6149
9671
2531
9317
2126
8324
483
7655
1715
3891
8489
4674
966
2972
3349
9979
2363
887
398
6665
5687
5489
4873
5342
8406
7779
380
4791
9891
1220
3923
706
8884
6622
2002
5152
8548
2975
5548
6043
8965
8785
6676
4186
2645
4907
7618
6739
9537
4505
537
1872
5400
2202
3478
7765
8961
3769
107
9200
8942
383
5085
8738
6387
5750
8443
5726
9346
417
5552
6287
6169
650
4075
9070
2575
7291
7709
7301
6602
4562
3650
9598
4933
9471
5907
8415
832
7807
139
3642
7208
5662
8937
6831
5481
6921
7062
3606
545
770
2792
4154
5286
5639
421
6615
6011
9781
7308
9864
8847
7224
9425
5578
6966
214
4359
7189
2525
1502
4467
492
216
1435
7150
6467
4382
5373
5419
6000
8711
6986
1066
901
4133
1888
5036
7053
1521
399
3304
1957
183
645
8829
5725
1956
185
7001
5007
5007
1212
7738
2303
9574
9373
4595
2915
5466
9404
1729
1989
3726
7617
8446
4343
8524
3982
2358
2487
5449
7234
1320
6595
6986
3888
6255
590
6439
735
3506
3812
7870
2515
6953
3498
1899
3980
417
9705
806
2685
3793
3597
8782
6815
6206
553
2901
2951
1948
2429
2988
3974
1254
7819
9793
9072
8448
5366
261
512
2282
1036
5939
4665
1464
5910
2654
8127
5264
4157
4938
3640
7299
4719
7614
3261
7120
9394
4168
9045
5718
8265
4337
9908
1736
3461
6066
927
7270
2653
1048
9300
3241
3440
8197
8904
1278
8778
5079
4752
216
1846
3788
9908
7519
3892
4502
2305
5469
3451
6155
1727
6235
1552
8544
1618
1831
2376
200
1700
2473
2458
5271
6947
9495
3272
556
2918
8757
447
2958
2390
3392
2141
7446
5579
3149
7059
2574
1061
1501
4636
6856
2444
5653
1261
9666
6826
5947
8908
9048
2855
7859
9430
4411
3365
3963
6571
5857
6381
3075
4973
1692
6873
4418
9898
1231
3956
9700
341
7199
2239
2504
3116
6726
3558
4010
8229
606
546
8924
3963
860
2304
6186
88
8794
2370
9998
4866
6634
2644
2369
8283
6152
7937
6116
9300
4624
7559
574
8962
5359
2457
3430
2852
4846
2180
931
707
2044
3396
1570
9466
811
8871
4264
3897
3759
6770
5224
1781
6818
4275
8823
8178
5595
7079
5583
19
1263
2589
7057
5553
1817
4554
4574
523
5527
1870
6696
4349
741
8823
4500
2836
6542
4436
9555
2192
3487
3277
8769
8123
5566
8594
2509
5401
1515
9697
5882
2752
4487
2764
4486
2923
1874
809
1129
2138
9
2636
1168
9451
1232
5874
1531
8047
7083
6256
9108
950
9940
8667
5729
4028
3432
1065
8619
2569
1491
5720
4351
6451
4557
9949
7157
5751
9684
5264
5328
1960
8156
6470
4869
950
4133
3663
5215
7331
3932
9105
7858
6322
8389
2549
2703
657
663
4672
4696
4169
6408
6213
4292
2163
8667
760
3413
8894
1638
326
904
5278
7833
9044
7901
8422
7836
6901
5144
6713
9977
8672
5863
9101
7418
2897
2260
7426
1668
8847
8941
3170
468
2302
3283
5353
936
1030
9488
3543
2977
6771
7564
5635
5527
782
5489
4386
6814
5900
1342
7705
569
5398
8297
1951
6156
2217
1240
7542
3317
3934
6370
3340
5646
5180
2098
9117
7948
269
6732
2139
2252
9903
979
368
191
3020
745
3235
8850
8268
8104
8378
7988
6169
2689
479
9810
1379
7987
9702
3877
565
2655
6926
9998
4408
3018
3734
2144
9975
4386
5153
3023
626
9396
7837
472
4614
1901
1232
9505
9981
8463
5061
5906
1555
1687
6630
8596
9625
4045
6393
1305
7517
3052
5280
2125
2377
2594
1580
1195
8090
8506
7074
3234
8212
3192
7425
874
2565
1236
4818
7650
7079
9723
5105
460
2410
3059
827
1579
721
5230
6664
3259
8316
3472
7164
1170
4310
6116
4984
2469
4544
5803
3190
302
9229
855
6773
3901
4159
2760
609
5469
6739
2388
4119
4712
2200
2460
7063
8366
4037
6093
2283
1554
171
2180
5975
2357
5497
2070
8370
1959
2943
8111
1732
7722
8614
3001
7312
6218
2062
1759
8788
8458
7895
5698
7038
5889
4676
2364
5042
9109
7308
9923
8809
4934
7811
9792
2524
8686
9593
3217
8881
888
8881
9612
1109
7839
1365
2821
1499
1416
9224
4178
787
2658
620
8700
1519
3676
37
8665
3571
4504
8334
8744
2827
1840
1338
2044
5024
9238
3086
3821
4686
1872
1629
6843
6064
5235
8083
9477
7277
7247
6743
8313
8840
7420
587
8108
6242
6387
2165
6844
1634
4096
7747
6084
4712
2103
1146
2560
6334
868
2528
4114
3280
7223
7979
6996
1518
6112
2201
863
4687
1160
3233
347
3656
2640
7994
440
6446
333
6923
7501
88
2437
1779
6974
3096
787
8538
7315
3948
2049
7303
8599
4880
8950
5635
9615
2566
8910
9981
844
953
3066
8224
6050
7822
1527
4179
2649
5627
451
9391
6355
2733
157
6726
2416
4869
7116
4033
7407
2770
724
7931
4982
725
7684
8749
3827
3409
915
521
324
8162
1501
5995
1844
3023
7832
540
5959
8307
1372
1097
7016
9704
8434
4484
4912
709
4475
2905
6282
5114
3685
2228
5237
8616
2058
8993
9418
8423
2729
8516
6174
8354
4697
7274
970
6662
1387
1311
3097
7259
4656
17
2674
4082
4523
9781
8471
5088
8712
8569
8045
2393
3804
842
77
4609
2095
8951
1290
3855
2728
8725
4004
7363
583
6468
92
8009
7033
6322
5529
9054
1559
1647
1642
3586
688
2945
301
7967
4297
1961
3616
1738
6194
7253
1718
247
7515
423
6700
1665
5366
4278
924
4810
4014
2739
8225
976
1225
1007
3453
1282
266
9627
2888
577
8042
7137
7418
5866
3704
465
7338
9378
7582
6077
1111
9171
9430
7193
5255
4615
109
5598
2783
1346
1239
8926
3971
9652
8195
8093
3038
2559
3120
9582
4963
4823
5472
5579
7269
8024
8028
5145
373
8956
9705
6459
2410
7740
1417
9494
4453
3942
8036
4245
6933
5873
6505
2621
3816
7229
9952
5908
7492
2526
9394
6350
8773
731
5178
7096
8807
5777
830
9049
1767
1518
377
5909
9573
571
3979
4004
6908
2761
8004
9075
6693
5551
9916
2329
2137
9842
7350
1148
3222
6311
8054
3988
8644
7349
5441
3345
8024
415
9828
4441
5689
2752
3496
2005
9761
4375
4548
2156
358
1590
9412
1776
9657
6869
6808
8536
2894
2732
1792
5037
3678
1137
7766
233
2953
3902
2316
1580
8576
2551
2440
33
4195
2987
5198
7921
1638
8585
7485
3527
2121
53
4972
2404
9383
1803
3910
947
7935
4082
2451
2703
2738
1413
5818
339
732
1486
5171
1891
6695
5524
7474
6522
6156
2727
465
2435
5371
3657
1309
7980
173
719
3476
1079
936
584
413
1250
1459
6717
7353
1034
1323
6410
4728
476
8901
1372
3919
7197
6276
4764
1737
8282
1102
7115
4827
4386
7098
1070
7004
3522
4844
796
1493
753
8116
5
2437
6510
5556
2565
2297
822
3553
5353
3946
3259
1196
6705
1783
481
1025
5655
7893
1675
911
3168
9891
5445
7225
1632
6947
2915
1581
4899
6134
2746
6227
7881
4727
9613
1896
6497
6395
2924
3356
4025
1543
8823
2008
5269
835
3097
5076
2910
1070
6739
2584
5309
2274
2886
9361
569
8745
5366
5415
6748
591
8443
6541
7517
26
6057
5576
8025
9304
8258
5091
6467
6360
8218
8082
7791
2620
9228
2374
3961
6093
1036
8241
907
4671
6812
4154
3502
8630
9298
7571
5777
1369
6522
4601
6008
2470
1624
5740
1303
9527
3345
4623
3279
324
4475
1282
1335
7529
3122
4527
5567
1945
7500
7889
897
3090
159
8220
474
5299
6817
3321
520
2747
2336
4688
1475
3124
3012
4955
5120
7808
306
9321
7780
595
7074
5824
1446
2034
7395
5718
7209
9002
2125
8354
1928
4083
4231
6910
851
1606
7546
5824
4153
5086
2998
4282
5830
5515
1668
5375
1215
3740
1323
5286
7083
4030
4711
3812
7236
383
1959
565
7694
8408
6278
7114
5288
7515
2092
7082
5025
106
2021
6130
2797
9288
3986
671
6472
4563
9951
4270
4889
7458
4182
129
4859
6107
5298
2469
7992
7369
5094
7954
1319
4396
1614
4002
1368
1025
3478
4326
1645
276
2762
4869
4443
6803
6382
7111
7361
4885
2207
4033
9929
2410
9498
193
7501
7541
3195
1372
3179
3863
7912
2742
3403
9198
5167
6738
9041
1102
5421
5739
383
5758
1505
562
1724
2390
8561
57
7946
8024
7531
7712
9221
2589
718
557
7960
433
4746
7985
4132
1282
4357
4057
3059
6436
4256
2626
7978
4777
5017
4385
1934
9887
899
6849
1912
4122
7267
3006
1467
2452
3163
2402
293
2530
4124
2270
7445
6585
2743
6588
9596
8816
8438
6994
423
6664
9881
9626
6332
6858
7731
7599
3554
5695
1110
9722
7990
3382
2075
958
2188
3569
8327
5857
3618
2849
4363
6188
955
4724
3659
4885
187
7275
2529
5387
8350
129
6722
5281
1358
8233
1857
5919
2453
7607
8755
293
6511
9330
5395
9345
8163
3704
4231
947
8772
4707
611
831
6211
3274
1484
2931
9464
2475
1839
7338
4561
6776
9747
2256
7721
335
8525
9687
7932
2510
4130
7561
6970
7207
2466
3407
171
4880
8531
2897
5506
2574
5948
7295
5797
2052
3891
5904
92
6310
1641
9688
3959
5171
9300
3871
7493
675
1693
9680
2018
1453
2284
111
3504
2795
1360
8815
5546
3282
2563
7587
5445
1469
750
4339
9480
6105
5001
8562
7678
8454
2805
5245
3545
1884
478
7494
7385
1773
923
8178
525
2410
4711
4415
4889
5193
5749
1051
5417
4788
5184
4945
388
4181
5457
7765
6357
6337
916
3554
4166
4659
1805
8321
5806
9339
359
6685
8749
2230
5837
1733
3061
287
6589
4833
7308
4038
2137
3257
3631
9440
6160
8322
6776
7888
1645
9339
3779
4421
1422
4183
9982
1219
2408
4731
1487
5191
6936
1819
3114
6725
1661
96
4723
2451
5077
2541
1585
2284
7093
1154
6132
4206
4476
656
5689
9237
8186
5102
123
7884
3822
571
9116
4976
2285
9029
660
1256
186
1161
6648
4946
6450
60
9935
7663
2086
6602
5953
6194
5551
8125
6050
1285
1101
5537
2846
6492
2320
4293
4788
6718
6331
7956
1272
1618
8102
4501
3348
9046
2067
5327
4623
5429
1091
4385
304
4378
4906
3970
3284
9808
2512
7364
1375
8733
6217
6142
6911
158
1352
426
967
7844
6383
9467
5259
9071
3194
3172
1671
4234
5453
2821
8021
1719
2074
1799
5071
5212
8344
6715
6625
3247
1344
2493
51
9838
922
767
118
5122
952
5747
4572
2341
625
3352
7293
6881
5425
1338
470
2187
7966
4499
6933
8976
5950
2534
659
2478
6424
3726
5361
2710
9944
6946
6583
9280
3831
2827
5944
1281
8554
1241
842
6521
2153
211
3765
9599
3795
8494
1145
2433
3680
9104
1621
1830
7639
3862
2821
8183
6850
4546
4588
3869
7342
7353
6498
4204
7239
860
1440
6305
1028
2164
3274
2552
1583
2996
2939
7858
4600
1178
7815
4196
346
2198
6989
9299
2125
6254
2797
5727
6542
6609
1273
9549
5404
6314
813
5914
9892
1288
3827
9484
4240
4204
3619
603
4907
8082
489
5600
6968
9124
6697
3629
6003
5531
2583
8174
4456
6151
5618
974
1636
4161
7024
2045
6057
6239
2640
5408
5285
120
7740
7881
5188
88
190
9465
5637
8662
6724
4548
1163
3573
9495
1043
1301
7672
5352
3023
817
7033
7340
6717
252
2107
858
5269
4060
2734
2274
7848
7826
1252
2449
1873
6474
4050
9554
7627
965
3048
9367
2499
1977
7269
3400
9215
2711
2309
4122
7263
7454
1116
5044
4371
1422
4935
1967
910
2543
145
2108
5321
6675
931
4634
9611
7993
752
3768
3271
2835
7440
8008
5031
2571
1691
7700
5080
6545
8249
3429
2085
680
3815
6834
6121
1698
557
5878
3967
4697
9854
7253
9612
7440
527
2848
8095
2473
1899
6983
1512
1336
3158
7951
6567
8935
9825
1636
2502
4939
2190
1377
1994
2407
356
9069
5
8544
8165
1064
2752
6546
910
2150
9432
2177
6526
5819
2102
6546
7931
536
4387
4074
1105
8069
9307
7126
7853
3776
2273
8173
3178
1781
7572
2916
6393
1902
9297
1409
5910
3404
585
2482
2168
3959
421
2158
3305
6914
2487
5835
8024
627
5330
5106
75
2946
5996
4337
9000
943
2114
5744
5382
329
7181
9781
1855
3740
5893
3419
5993
7883
2403
1425
1222
3631
2379
639
4824
1374
5114
9870
89
6175
3004
2169
9514
6269
5457
2286
5226
8218
2208
9130
5322
7350
9725
3412
2638
9552
6919
7992
1270
2428
917
663
8862
8678
7571
1788
2931
150
4695
8243
6311
9893
233
517
151
4671
7058
3831
1691
4473
1364
3492
7405
580
186
2584
4446
9794
3665
1150
9717
4072
4920
8620
153
9334
9652
62
1825
531
9255
3376
9306
9980
4002
784
8906
3887
712
9123
594
9602
3620
1510
8393
7930
4094
6136
7878
5945
4347
1975
6126
2791
5443
2712
1663
9620
7510
5291
828
9981
9057
3294
1498
3965
6526
6657
2282
9830
5178
3913
2873
1760
4410
1241
2932
3649
288
8510
6111
3278
4107
4922
8712
7664
7902
1491
8696
4587
5890
4829
9914
603
8749
6085
5743
4863
5877
7199
4672
283
1456
9555
5430
5657
6094
1027
8023
7696
8153
4209
2754
8088
7787
4734
5276
716
2721
9110
2523
3072
303
9706
3108
4677
7988
5438
4704
6715
8127
1764
53
5975
6626
7464
3906
8726
6262
2894
3018
1904
3152
6105
8452
2160
1618
4301
1506
5842
3637
7015
3154
2174
9349
172
7858
821
2509
7871
4247
121
7973
7847
287
6738
6617
4656
980
4958
8364
2544
5156
9976
5757
7134
9824
6605
1529
4030
8210
1579
7697
5023
403
7243
9629
8457
1195
3360
3057
5505
8970
8400
2574
7696
5126
2579
9596
979
5302
9370
1080
3203
9567
5793
5289
3063
9453
8024
8679
8009
8548
3870
2493
5783
4519
191
9134
475
8041
1265
1990
525
7746
1433
8787
7
3908
5379
2580
1881
8718
5233
16
9006
8193
3411
1610
2495
6962
1272
84
6774
8032
6068
1698
4774
4486
1187
8320
1353
8434
9837
6678
713
5415
7355
9323
2692
1087
4425
360
106
2886
9612
2174
6073
3635
5989
2363
5163
7944
3302
2456
2845
61
6165
3991
7539
9095
1423
6268
971
1999
2863
569
3919
5552
8095
7662
7343
9009
1950
6576
6766
5428
7826
4249
2508
845
1328
4033
2564
6727
8250
4972
7958
5924
9560
6900
5224
2036
346
7289
7352
6248
5997
7653
9126
8774
1068
5908
3072
2368
985
7108
8573
9937
6220
8170
4558
7127
2939
886
7330
1911
9579
967
7529
6493
6294
8498
7340
2339
3965
2623
3274
6580
3999
8004
9846
6130
3019
3094
2671
8213
8579
6685
9536
4276
7698
8952
5993
3209
671
497
4925
5296
1778
706
8959
7760
8278
7400
694
6701
6543
2134
728
7981
7342
3933
7958
2938
3411
3483
2612
4247
2579
3346
9261
5047
7883
9611
7028
3866
1779
3754
878
185
4822
8612
8862
836
3137
5534
7696
8858
7833
919
8154
3321
5602
2137
8176
6022
5502
9964
6888
528
6546
2907
5725
7584
8959
4555
4328
4531
6464
4858
6315
6923
5248
1573
303
4723
4830
8140
3585
5746
9683
3769
441
593
1298
4319
8043
8176
9105
5119
401
6694
3144
4497
4201
8728
8600
657
3771
2988
1262
3016
7966
3518
7847
637
5563
771
7494
8235
6433
1340
3892
1333
4459
7373
519
5495
7935
3695
3990
1230
41
5810
5212
3323
2791
8519
3804
6180
3222
4909
5652
9052
2621
7786
8436
3781
3368
2685
2672
7682
9912
2817
1588
2257
6297
1893
600
3993
3828
5610
9253
4737
9142
7756
231
2369
737
6805
4291
1853
1457
8318
986
8799
2674
743
3854
1444
4432
4825
3781
3354
526
1626
2156
6583
2955
1968
5214
8686
4531
8458
2245
9006
5794
3068
5856
700
1806
6633
6342
9794
2005
3590
8793
6936
7811
7676
1967
2690
8681
8366
4413
969
7612
7948
468
4047
8954
8840
5441
1757
8914
2743
1343
9871
6227
1865
6080
2387
901
2556
4492
4589
4840
8990
9705
383
1626
9843
4428
9047
6957
